dummy 16 18476 24465
dummy 16 18476 24432
dummy 16 18488 25490
dummy 16 18481 25463
dummy 16 18486 25435
dummy 16 18489 25393
dummy 16 18486 25264
dummy 16 18480 25217
dummy 16 18489 25219
dummy 16 18482 25230
dummy 16 18485 25189
dummy 16 18491 25199
dummy 16 18487 25141
dummy 16 18480 25125
dummy 16 18487 25131
dummy 16 18481 25134
dummy 16 18486 25108
dummy 16 18495 25097
dummy 16 18482 24924
dummy 16 18494 24844
dummy 16 18492 24805
dummy 16 18480 24769
dummy 16 18483 24757
dummy 16 18488 24765
dummy 16 18491 24747
dummy 16 18493 24638
dummy 16 18489 24527
dummy 16 18480 24319
dummy 16 18496 25586
dummy 16 18505 25596
dummy 16 18497 25595
dummy 16 18497 25572
dummy 16 18505 25577
dummy 16 18511 25536
dummy 16 18503 25489
dummy 16 18509 25494
dummy 16 18509 25499
dummy 16 18501 25498
dummy 16 18510 25466
dummy 16 18511 25467
dummy 16 18502 25451
dummy 16 18496 25423
dummy 16 18504 25297
dummy 16 18496 25304
dummy 16 18509 25282
dummy 16 18510 25257
dummy 16 18498 25227
dummy 16 18498 25147
dummy 16 18503 25104
dummy 16 18503 25113
dummy 16 18497 25093
dummy 16 18510 25000
dummy 16 18505 24787
dummy 16 18504 24731
dummy 16 18508 24735
dummy 16 18500 24598
dummy 16 18520 25525
dummy 16 18514 25474
dummy 16 18520 25442
dummy 16 18513 25413
dummy 16 18518 25403
dummy 16 18527 25359
dummy 16 18525 25341
dummy 16 18525 25307
dummy 16 18520 25262
dummy 16 18515 25158
dummy 16 18525 25063
dummy 16 18517 24992
dummy 16 18524 24972
dummy 16 18524 24930
dummy 16 18522 24801
dummy 16 18524 24764
dummy 16 18522 24670
dummy 16 18526 24647
dummy 16 18523 24599
dummy 16 18518 24589
dummy 16 18522 24427
dummy 16 18538 25582
dummy 16 18530 25371
dummy 16 18532 25328
dummy 16 18543 25253
dummy 16 18529 25172
dummy 16 18542 25116
dummy 16 18530 25118
dummy 16 18542 25013
dummy 16 18538 25012
dummy 16 18534 24988
dummy 16 18539 24904
dummy 16 18528 24886
dummy 16 18540 24877
dummy 16 18538 24860
dummy 16 18541 24549
dummy 16 18528 24511
dummy 16 18537 24461
dummy 16 18528 24425
dummy 16 18533 24427
dummy 16 18552 25593
dummy 16 18551 25518
dummy 16 18554 25451
dummy 16 18552 25354
dummy 16 18546 25312
dummy 16 18550 25316
dummy 16 18546 25239
dummy 16 18557 25184
dummy 16 18544 25169
dummy 16 18553 25176
dummy 16 18552 25126
dummy 16 18555 25067
dummy 16 18556 25051
dummy 16 18556 24930
dummy 16 18559 24936
dummy 16 18555 24902
dummy 16 18552 24745
dummy 16 18548 24547
dummy 16 18563 25602
dummy 16 18566 25572
dummy 16 18572 25539
dummy 16 18568 25495
dummy 16 18564 25497
dummy 16 18574 25459
dummy 16 18572 25422
dummy 16 18564 25422
dummy 16 18574 25197
dummy 16 18568 25121
dummy 16 18571 25121
dummy 16 18571 25025
dummy 16 18573 25035
dummy 16 18563 24990
dummy 16 18563 24941
dummy 16 18568 24826
dummy 16 18567 24768
dummy 16 18574 24760
dummy 16 18565 24644
dummy 16 18570 24394
dummy 16 18591 25614
dummy 16 18583 25583
dummy 16 18581 25537
dummy 16 18580 25539
dummy 16 18583 25525
dummy 16 18579 25493
dummy 16 18584 25444
dummy 16 18584 25393
dummy 16 18586 25357
dummy 16 18591 25340
dummy 16 18587 25281
dummy 16 18578 25250
dummy 16 18577 25054
dummy 16 18576 24995
dummy 16 18581 24923
dummy 16 18587 24770
dummy 16 18580 24717
dummy 16 18588 24654
dummy 16 18579 24537
dummy 16 18578 24506
dummy 16 18589 24410
dummy 16 18585 24376
dummy 16 18594 25505
dummy 16 18599 25489
dummy 16 18592 25497
dummy 16 18604 25476
dummy 16 18606 25392
dummy 16 18599 25376
dummy 16 18598 25365
dummy 16 18596 25366
dummy 16 18593 25190
dummy 16 18602 25187
dummy 16 18606 25183
dummy 16 18597 25145
dummy 16 18592 25119
dummy 16 18596 25030
dummy 16 18602 24907
dummy 16 18604 24904
dummy 16 18606 24591
dummy 16 18596 24588
dummy 16 18594 24525
dummy 16 18604 24350
dummy 16 18615 25589
dummy 16 18610 25553
dummy 16 18622 25560
dummy 16 18608 25455
dummy 16 18621 25421
dummy 16 18623 25402
dummy 16 18612 25350
dummy 16 18617 25358
dummy 16 18621 25318
dummy 16 18615 25323
dummy 16 18616 25159
dummy 16 18613 25164
dummy 16 18619 25012
dummy 16 18617 24945
dummy 16 18619 24905
dummy 16 18610 24749
dummy 16 18608 24657
dummy 16 18623 24631
dummy 16 18616 24554
dummy 16 18611 24465
dummy 16 18616 24312
dummy 16 18639 25615
dummy 16 18624 25611
dummy 16 18638 25598
dummy 16 18628 25573
dummy 16 18630 25573
dummy 16 18626 25493
dummy 16 18634 25503
dummy 16 18628 25500
dummy 16 18634 25446
dummy 16 18625 25322
dummy 16 18629 25267
dummy 16 18633 25268
dummy 16 18636 25256
dummy 16 18638 25209
dummy 16 18630 25173
dummy 16 18626 25128
dummy 16 18633 25114
dummy 16 18633 25118
dummy 16 18637 25087
dummy 16 18634 25030
dummy 16 18639 25022
dummy 16 18624 24806
dummy 16 18631 24751
dummy 16 18633 24642
dummy 16 18633 24605
dummy 16 18630 24411
dummy 16 18626 24396
dummy 16 18630 24317
dummy 16 18652 25614
dummy 16 18643 25552
dummy 16 18652 25553
dummy 16 18642 25529
dummy 16 18641 25515
dummy 16 18640 25516
dummy 16 18648 25383
dummy 16 18643 25390
dummy 16 18642 25371
dummy 16 18647 25347
dummy 16 18641 25353
dummy 16 18647 25196
dummy 16 18641 25123
dummy 16 18645 25122
dummy 16 18654 25033
dummy 16 18653 25013
dummy 16 18647 25020
dummy 16 18651 24929
dummy 16 18653 24931
dummy 16 18640 24874
dummy 16 18653 24799
dummy 16 18650 24765
dummy 16 18644 24746
dummy 16 18646 24716
dummy 16 18651 24656
dummy 16 18655 24537
dummy 16 18654 24497
dummy 16 18657 25573
dummy 16 18664 25560
dummy 16 18671 25524
dummy 16 18669 25476
dummy 16 18661 25364
dummy 16 18664 25367
dummy 16 18666 25293
dummy 16 18660 25289
dummy 16 18658 25213
dummy 16 18670 25193
dummy 16 18656 25122
dummy 16 18666 25111
dummy 16 18660 25059
dummy 16 18667 25024
dummy 16 18667 25018
dummy 16 18665 24984
dummy 16 18668 24985
dummy 16 18666 24944
dummy 16 18664 24930
dummy 16 18662 24913
dummy 16 18662 24776
dummy 16 18663 24459
dummy 16 18667 24418
dummy 16 18658 24428
dummy 16 18687 25615
dummy 16 18677 25597
dummy 16 18687 25569
dummy 16 18672 25535
dummy 16 18681 25503
dummy 16 18681 25463
dummy 16 18683 25425
dummy 16 18684 25408
dummy 16 18685 25380
dummy 16 18681 25351
dummy 16 18675 25243
dummy 16 18675 25109
dummy 16 18685 25075
dummy 16 18681 25057
dummy 16 18680 24892
dummy 16 18682 24768
dummy 16 18682 24679
dummy 16 18678 24597
dummy 16 18681 24521
dummy 16 18683 24520
dummy 16 18676 24343
dummy 16 18703 25602
dummy 16 18699 25568
dummy 16 18700 25575
dummy 16 18690 25549
dummy 16 18694 25513
dummy 16 18691 25501
dummy 16 18703 25362
dummy 16 18697 25356
dummy 16 18694 25252
dummy 16 18700 25244
dummy 16 18695 25243
dummy 16 18693 25246
dummy 16 18697 25138
dummy 16 18694 25091
dummy 16 18689 25076
dummy 16 18699 25085
dummy 16 18698 25085
dummy 16 18688 25056
dummy 16 18693 25054
dummy 16 18697 25037
dummy 16 18692 25020
dummy 16 18695 24901
dummy 16 18695 24859
dummy 16 18696 24825
dummy 16 18694 24755
dummy 16 18699 24756
dummy 16 18701 24697
dummy 16 18695 24633
dummy 16 18697 24402
dummy 16 18700 24316
dummy 16 18713 25513
dummy 16 18705 25474
dummy 16 18718 25487
dummy 16 18706 25445
dummy 16 18709 25335
dummy 16 18715 25304
dummy 16 18717 25211
dummy 16 18711 25114
dummy 16 18711 25079
dummy 16 18711 25058
dummy 16 18716 25054
dummy 16 18718 24810
dummy 16 18704 24698
dummy 16 18714 24598
dummy 16 18714 24601
dummy 16 18713 24500
dummy 16 18717 24435
dummy 16 18712 24379
dummy 16 18709 24306
dummy 16 18728 25595
dummy 16 18725 25546
dummy 16 18721 25526
dummy 16 18724 25251
dummy 16 18733 25254
dummy 16 18732 25109
dummy 16 18724 25114
dummy 16 18724 25117
dummy 16 18727 25079
dummy 16 18722 25076
dummy 16 18722 25070
dummy 16 18726 24983
dummy 16 18723 24945
dummy 16 18731 24943
dummy 16 18720 24860
dummy 16 18734 24829
dummy 16 18720 24799
dummy 16 18727 24749
dummy 16 18733 24715
dummy 16 18731 24515
dummy 16 18735 24507
dummy 16 18729 24435
dummy 16 18729 24395
dummy 16 18720 24375
dummy 16 18750 25584
dummy 16 18749 25579
dummy 16 18742 25522
dummy 16 18746 25522
dummy 16 18744 25475
dummy 16 18742 25454
dummy 16 18741 25406
dummy 16 18748 25375
dummy 16 18750 25291
dummy 16 18738 25288
dummy 16 18739 25075
dummy 16 18749 25020
dummy 16 18747 24969
dummy 16 18743 24970
dummy 16 18745 24919
dummy 16 18743 24853
dummy 16 18746 24843
dummy 16 18738 24826
dummy 16 18741 24744
dummy 16 18751 24732
dummy 16 18746 24707
dummy 16 18748 24681
dummy 16 18740 24645
dummy 16 18744 24617
dummy 16 18741 24584
dummy 16 18740 24589
dummy 16 18742 24512
dummy 16 18748 24514
dummy 16 18747 24511
dummy 16 18748 24461
dummy 16 18746 24361
dummy 16 18758 25608
dummy 16 18767 25585
dummy 16 18754 25528
dummy 16 18764 25489
dummy 16 18754 25471
dummy 16 18766 25369
dummy 16 18758 25314
dummy 16 18755 25316
dummy 16 18753 25268
dummy 16 18756 25253
dummy 16 18758 25179
dummy 16 18762 25144
dummy 16 18767 25124
dummy 16 18764 25083
dummy 16 18764 25052
dummy 16 18759 25054
dummy 16 18754 25030
dummy 16 18752 25031
dummy 16 18754 24950
dummy 16 18763 24898
dummy 16 18764 24908
dummy 16 18759 24855
dummy 16 18759 24838
dummy 16 18762 24791
dummy 16 18767 24757
dummy 16 18762 24741
dummy 16 18758 24617
dummy 16 18765 24606
dummy 16 18762 24578
dummy 16 18759 24545
dummy 16 18761 24516
dummy 16 18764 24505
dummy 16 18760 24432
dummy 16 18757 24367
dummy 16 18757 24336
dummy 16 18764 24304
dummy 16 18771 25614
dummy 16 18774 25597
dummy 16 18770 25470
dummy 16 18772 25369
dummy 16 18780 25331
dummy 16 18776 25318
dummy 16 18770 25306
dummy 16 18775 25280
dummy 16 18777 25184
dummy 16 18783 25065
dummy 16 18772 25014
dummy 16 18770 24966
dummy 16 18770 24939
dummy 16 18779 24799
dummy 16 18776 24753
dummy 16 18774 24761
dummy 16 18775 24737
dummy 16 18773 24739
dummy 16 18775 24687
dummy 16 18779 24645
dummy 16 18781 24637
dummy 16 18777 24597
dummy 16 18776 24605
dummy 16 18777 24456
dummy 16 18773 24421
dummy 16 18776 24345
dummy 16 18779 24348
dummy 16 18791 25519
dummy 16 18789 25377
dummy 16 18787 25385
dummy 16 18786 25296
dummy 16 18792 25280
dummy 16 18788 25240
dummy 16 18799 25092
dummy 16 18785 25101
dummy 16 18794 25052
dummy 16 18784 25023
dummy 16 18799 24980
dummy 16 18797 24929
dummy 16 18791 24941
dummy 16 18799 24880
dummy 16 18784 24840
dummy 16 18797 24814
dummy 16 18792 24762
dummy 16 18789 24726
dummy 16 18788 24728
dummy 16 18789 24660
dummy 16 18796 24665
dummy 16 18786 24641
dummy 16 18793 24579
dummy 16 18793 24591
dummy 16 18791 24558
dummy 16 18791 24512
dummy 16 18794 24526
dummy 16 18787 24467
dummy 16 18788 24386
dummy 16 18794 24364
dummy 16 18797 24345
dummy 16 18784 24333
dummy 16 18789 24319
dummy 16 18813 25612
dummy 16 18802 25449
dummy 16 18809 25435
dummy 16 17537 25288
dummy 16 17537 25266
dummy 16 17536 25271
dummy 16 17538 25241
dummy 16 17536 25228
dummy 16 17550 25193
dummy 16 17540 25119
dummy 16 17551 25040
dummy 16 17550 24582
dummy 16 17546 24482
dummy 16 17538 24493
dummy 16 17551 24438
dummy 16 17541 24389
dummy 16 17549 24389
dummy 16 17565 25396
dummy 16 17552 25331
dummy 16 17552 25249
dummy 16 17567 25178
dummy 16 17556 25151
dummy 16 17552 25027
dummy 16 17565 25009
dummy 16 17565 24931
dummy 16 17564 24745
dummy 16 17565 24464
dummy 16 17555 24432
dummy 16 17560 24434
dummy 16 17561 24417
dummy 16 17558 24397
dummy 16 17554 24364
dummy 16 17576 25577
dummy 16 17579 25546
dummy 16 17580 25298
dummy 16 17582 25248
dummy 16 17580 25064
dummy 16 17576 25030
dummy 16 17576 25002
dummy 16 17570 24986
dummy 16 17580 24918
dummy 16 17583 24834
dummy 16 17580 24714
dummy 16 17568 24612
dummy 16 17574 24496
dummy 16 17573 24455
dummy 16 17583 24446
dummy 16 17580 24430
dummy 16 17577 24401
dummy 16 17578 24402
dummy 16 17573 24395
dummy 16 17576 24369
dummy 16 17583 24341
dummy 16 17597 25587
dummy 16 17594 25577
dummy 16 17585 25486
dummy 16 17592 25300
dummy 16 17588 25131
dummy 16 17599 25112
dummy 16 17594 25080
dummy 16 17593 25084
dummy 16 17588 25038
dummy 16 17588 25039
dummy 16 17592 24988
dummy 16 17590 24754
dummy 16 17595 24722
dummy 16 17591 24713
dummy 16 17592 24614
dummy 16 17588 24562
dummy 16 17585 24529
dummy 16 17585 24530
dummy 16 17589 24523
dummy 16 17598 24477
dummy 16 17613 25595
dummy 16 17604 25594
dummy 16 17613 25577
dummy 16 17609 25439
dummy 16 17600 25344
dummy 16 17604 25265
dummy 16 17611 25234
dummy 16 17611 25160
dummy 16 17611 25116
dummy 16 17608 24792
dummy 16 17601 24711
dummy 16 17602 24618
dummy 16 17611 24541
dummy 16 17601 24481
dummy 16 17613 24477
dummy 16 17607 24428
dummy 16 17628 25586
dummy 16 17630 25569
dummy 16 17625 25526
dummy 16 17627 25341
dummy 16 17631 25260
dummy 16 17624 25203
dummy 16 17619 25199
dummy 16 17630 25106
dummy 16 17618 25062
dummy 16 17626 24750
dummy 16 17619 24730
dummy 16 17639 25537
dummy 16 17640 25454
dummy 16 17644 25393
dummy 16 17635 25286
dummy 16 17641 25229
dummy 16 17639 25190
dummy 16 17637 24988
dummy 16 17637 24795
dummy 16 17655 25597
dummy 16 17661 25544
dummy 16 17657 25406
dummy 16 17648 25020
dummy 16 17653 24810
dummy 16 17651 24815
dummy 16 17662 24768
dummy 16 17660 24774
dummy 16 17648 24736
dummy 16 17655 24572
dummy 16 17650 24518
dummy 16 17653 24502
dummy 16 17672 25467
dummy 16 17673 25441
dummy 16 17664 25243
dummy 16 17667 24987
dummy 16 17670 24915
dummy 16 17665 24864
dummy 16 17679 24759
dummy 16 17689 25602
dummy 16 17684 25574
dummy 16 17680 25470
dummy 16 17693 25426
dummy 16 17694 25305
dummy 16 17691 25230
dummy 16 17681 24706
dummy 16 17692 24603
dummy 16 17689 24504
dummy 16 17680 24510
dummy 16 17692 24464
dummy 16 17682 24319
dummy 16 17700 25476
dummy 16 17706 25471
dummy 16 17710 25308
dummy 16 17707 25262
dummy 16 17702 25183
dummy 16 17701 25053
dummy 16 17699 25026
dummy 16 17702 24845
dummy 16 17711 24811
dummy 16 17700 24813
dummy 16 17705 24769
dummy 16 17697 24545
dummy 16 17704 24501
dummy 16 17727 25611
dummy 16 17713 25615
dummy 16 17717 25530
dummy 16 17726 25457
dummy 16 17722 25408
dummy 16 17722 25212
dummy 16 17716 25198
dummy 16 17726 25114
dummy 16 17712 24997
dummy 16 17716 25007
dummy 16 17712 24933
dummy 16 17726 24907
dummy 16 17725 24886
dummy 16 17725 24888
dummy 16 17722 24869
dummy 16 17727 24851
dummy 16 17714 24752
dummy 16 17726 24709
dummy 16 17726 24644
dummy 16 17722 24649
dummy 16 17719 24548
dummy 16 17722 24471
dummy 16 17717 24457
dummy 16 17724 24319
dummy 16 17730 25579
dummy 16 17739 25527
dummy 16 17742 25529
dummy 16 17730 25497
dummy 16 17731 24734
dummy 16 17731 24658
dummy 16 17741 24640
dummy 16 17739 24647
dummy 16 17728 24638
dummy 16 17737 24592
dummy 16 17742 24605
dummy 16 17740 24563
dummy 16 17733 24552
dummy 16 17732 24524
dummy 16 17730 24309
dummy 16 17746 25522
dummy 16 17747 25517
dummy 16 17755 25503
dummy 16 17755 25449
dummy 16 17753 25439
dummy 16 17744 25334
dummy 16 17754 25325
dummy 16 17756 25177
dummy 16 17754 25129
dummy 16 17749 25085
dummy 16 17744 25004
dummy 16 17749 24887
dummy 16 17754 24831
dummy 16 17747 24791
dummy 16 17756 24792
dummy 16 17758 24796
dummy 16 17750 24776
dummy 16 17749 24755
dummy 16 17754 24732
dummy 16 17751 24706
dummy 16 17758 24648
dummy 16 17752 24627
dummy 16 17756 24480
dummy 16 17771 25526
dummy 16 17769 25497
dummy 16 17767 25481
dummy 16 17762 25450
dummy 16 17770 25402
dummy 16 17764 25371
dummy 16 17772 25300
dummy 16 17775 25268
dummy 16 17764 24950
dummy 16 17765 24922
dummy 16 17764 24837
dummy 16 17760 24816
dummy 16 17764 24783
dummy 16 17762 24631
dummy 16 17773 24620
dummy 16 17769 24553
dummy 16 17768 24516
dummy 16 17785 25590
dummy 16 17790 25529
dummy 16 17791 25531
dummy 16 17786 25509
dummy 16 17790 25468
dummy 16 17789 25361
dummy 16 17781 25215
dummy 16 17787 25181
dummy 16 17789 25149
dummy 16 17777 25134
dummy 16 17789 25066
dummy 16 17776 24881
dummy 16 17781 24870
dummy 16 17776 24816
dummy 16 17777 24762
dummy 16 17776 24721
dummy 16 17783 24717
dummy 16 17776 24613
dummy 16 17776 24578
dummy 16 17802 25554
dummy 16 17794 25507
dummy 16 17792 25494
dummy 16 17800 25494
dummy 16 17804 25456
dummy 16 17795 25436
dummy 16 17792 25248
dummy 16 17795 24867
dummy 16 17798 24653
dummy 16 17794 24589
dummy 16 17794 24557
dummy 16 17806 24500
dummy 16 17820 25540
dummy 16 17808 25488
dummy 16 17812 25457
dummy 16 17822 25436
dummy 16 17818 25350
dummy 16 17813 25264
dummy 16 17815 25274
dummy 16 17815 25148
dummy 16 17814 25084
dummy 16 17815 25084
dummy 16 17822 24954
dummy 16 17815 24844
dummy 16 17814 24610
dummy 16 17837 25552
dummy 16 17838 25534
dummy 16 17831 25514
dummy 16 17824 25469
dummy 16 17838 25339
dummy 16 17839 25246
dummy 16 17824 24949
dummy 16 17830 24905
dummy 16 17831 24850
dummy 16 17824 24672
dummy 16 17837 24465
dummy 16 17851 25571
dummy 16 17851 25477
dummy 16 17853 25448
dummy 16 17847 25451
dummy 16 17850 25371
dummy 16 17852 24977
dummy 16 17853 24973
dummy 16 17840 24955
dummy 16 17841 24956
dummy 16 17842 24654
dummy 16 17846 24584
dummy 16 17855 24530
dummy 16 17849 24457
dummy 16 17860 25479
dummy 16 17866 25480
dummy 16 17857 25482
dummy 16 17861 25462
dummy 16 17867 25408
dummy 16 17869 25224
dummy 16 17861 25225
dummy 16 17869 25147
dummy 16 17864 25054
dummy 16 17856 24649
dummy 16 17869 24626
dummy 16 17857 24594
dummy 16 17857 24552
dummy 16 17869 24506
dummy 16 17858 24477
dummy 16 17863 24456
dummy 16 17887 25606
dummy 16 17886 25492
dummy 16 17884 25091
dummy 16 17879 25079
dummy 16 17873 24996
dummy 16 17886 24863
dummy 16 17886 24617
dummy 16 17872 24620
dummy 16 17882 24594
dummy 16 17872 24499
dummy 16 17884 24501
dummy 16 17881 24468
dummy 16 17895 25397
dummy 16 17899 25346
dummy 16 17903 25306
dummy 16 17894 25176
dummy 16 17891 25182
dummy 16 17895 25140
dummy 16 17902 25144
dummy 16 17894 25108
dummy 16 17893 25040
dummy 16 17901 24798
dummy 16 17900 24761
dummy 16 17891 24714
dummy 16 17891 24663
dummy 16 17901 24554
dummy 16 17890 24504
dummy 16 17897 24494
dummy 16 17910 25603
dummy 16 17912 25595
dummy 16 17912 25597
dummy 16 17909 25583
dummy 16 17909 25465
dummy 16 17908 25395
dummy 16 17918 24802
dummy 16 17915 24587
dummy 16 17912 24545
dummy 16 17929 25424
dummy 16 17925 25373
dummy 16 17932 25088
dummy 16 17927 25059
dummy 16 17931 25030
dummy 16 17924 24998
dummy 16 17921 24973
dummy 16 17922 24918
dummy 16 17927 24920
dummy 16 17923 24866
dummy 16 17928 24862
dummy 16 17929 24611
dummy 16 17932 24561
dummy 16 17935 24564
dummy 16 17935 24501
dummy 16 17931 24487
dummy 16 17930 24449
dummy 16 17933 24462
dummy 16 17940 25612
dummy 16 17940 25414
dummy 16 17944 25363
dummy 16 17946 25226
dummy 16 17947 25070
dummy 16 17937 25066
dummy 16 17940 25010
dummy 16 17942 25003
dummy 16 17942 24990
dummy 16 17950 24811
dummy 16 17939 24726
dummy 16 17944 24690
dummy 16 17938 24619
dummy 16 17943 24563
dummy 16 17945 24508
dummy 16 17937 24443
dummy 16 17940 24431
dummy 16 17956 25605
dummy 16 17954 25586
dummy 16 17958 25568
dummy 16 17963 25530
dummy 16 17963 25437
dummy 16 17954 25354
dummy 16 17955 25327
dummy 16 17965 25221
dummy 16 17955 25061
dummy 16 17953 24896
dummy 16 17967 24817
dummy 16 17959 24602
dummy 16 17957 24548
dummy 16 17962 24518
dummy 16 17957 24490
dummy 16 17954 24465
dummy 16 17954 24410
dummy 16 17968 25536
dummy 16 17980 25540
dummy 16 17977 25495
dummy 16 17968 25434
dummy 16 17979 25414
dummy 16 17970 25148
dummy 16 17971 25057
dummy 16 17973 25040
dummy 16 17980 25040
dummy 16 17975 24988
dummy 16 17976 24956
dummy 16 17971 24959
dummy 16 17971 24885
dummy 16 17981 24887
dummy 16 17983 24865
dummy 16 17982 24865
dummy 16 17975 24717
dummy 16 17980 24700
dummy 16 17969 24659
dummy 16 17979 24625
dummy 16 17977 24543
dummy 16 17971 24430
dummy 16 17971 24390
dummy 16 17970 24395
dummy 16 17984 25601
dummy 16 17986 25176
dummy 16 17992 25145
dummy 16 17993 24959
dummy 16 17988 24958
dummy 16 17996 24881
dummy 16 17995 24822
dummy 16 17985 24760
dummy 16 17989 24711
dummy 16 17986 24656
dummy 16 17995 24594
dummy 16 17999 24388
dummy 16 18015 25517
dummy 16 18010 25518
dummy 16 18001 25428
dummy 16 18003 25438
dummy 16 18001 25352
dummy 16 18008 25263
dummy 16 18005 25170
dummy 16 18003 25166
dummy 16 18003 25099
dummy 16 18010 25077
dummy 16 18015 25065
dummy 16 18008 25024
dummy 16 18008 25030
dummy 16 18014 24928
dummy 16 18015 24931
dummy 16 18009 24841
dummy 16 18007 24825
dummy 16 18011 24643
dummy 16 18002 24591
dummy 16 18004 24556
dummy 16 18007 24529
dummy 16 18010 24441
dummy 16 18006 24444
dummy 16 18013 24372
dummy 16 18029 25576
dummy 16 18028 25558
dummy 16 18031 25487
dummy 16 18031 25307
dummy 16 18031 25128
dummy 16 18029 25028
dummy 16 18016 24997
dummy 16 18024 24927
dummy 16 18029 24903
dummy 16 18027 24875
dummy 16 18030 24705
dummy 16 18021 24553
dummy 16 18018 24559
dummy 16 18045 25598
dummy 16 18032 25572
dummy 16 18040 25564
dummy 16 18036 25562
dummy 16 18047 25313
dummy 16 18046 24619
dummy 16 18032 24591
dummy 16 18042 24514
dummy 16 18038 24425
dummy 16 18045 24387
dummy 16 18062 25552
dummy 16 18056 25562
dummy 16 18057 25564
dummy 16 18061 25530
dummy 16 18055 25473
dummy 16 18055 25398
dummy 16 18048 25313
dummy 16 18063 25142
dummy 16 18051 25129
dummy 16 18060 25119
dummy 16 18050 24985
dummy 16 18051 24965
dummy 16 18061 24815
dummy 16 18058 24793
dummy 16 18059 24664
dummy 16 18049 24544
dummy 16 18061 24546
dummy 16 18051 24506
dummy 16 18050 24424
dummy 16 18061 24371
dummy 16 18048 24356
dummy 16 18068 25605
dummy 16 18078 25563
dummy 16 18079 25524
dummy 16 18064 25479
dummy 16 18077 25475
dummy 16 18068 25483
dummy 16 18072 25364
dummy 16 18071 25185
dummy 16 18077 25185
dummy 16 18073 25127
dummy 16 18074 25077
dummy 16 18064 24873
dummy 16 18077 24797
dummy 16 18077 24721
dummy 16 18075 24686
dummy 16 18066 24684
dummy 16 18067 24627
dummy 16 18079 24598
dummy 16 18073 24541
dummy 16 18066 24506
dummy 16 18070 24397
dummy 16 18086 25502
dummy 16 18085 25435
dummy 16 18081 25252
dummy 16 18085 25081
dummy 16 18094 25020
dummy 16 18087 25006
dummy 16 18081 24889
dummy 16 18093 24726
dummy 16 18088 24689
dummy 16 18082 24658
dummy 16 18087 24598
dummy 16 18094 24598
dummy 16 18109 25552
dummy 16 18108 25539
dummy 16 18103 25400
dummy 16 18100 25372
dummy 16 18104 25328
dummy 16 18097 25249
dummy 16 18107 25227
dummy 16 18111 24926
dummy 16 18096 24833
dummy 16 18103 24806
dummy 16 18098 24797
dummy 16 18103 24779
dummy 16 18099 24765
dummy 16 18111 24643
dummy 16 18106 24524
dummy 16 18104 24465
dummy 16 18123 25604
dummy 16 18121 25583
dummy 16 18126 25548
dummy 16 18116 25528
dummy 16 18117 25533
dummy 16 18123 25334
dummy 16 18118 24777
dummy 16 18113 24590
dummy 16 18132 25558
dummy 16 18141 25505
dummy 16 18142 25512
dummy 16 18129 25474
dummy 16 18138 25455
dummy 16 18135 25404
dummy 16 18140 25317
dummy 16 18135 25169
dummy 16 18139 25075
dummy 16 18129 24996
dummy 16 18130 24963
dummy 16 18131 24973
dummy 16 18139 24944
dummy 16 18143 24899
dummy 16 18129 24816
dummy 16 18139 24713
dummy 16 18132 24612
dummy 16 18140 24608
dummy 16 18136 24535
dummy 16 18138 24429
dummy 16 18140 24350
dummy 16 18150 25602
dummy 16 18154 25604
dummy 16 18145 25611
dummy 16 18159 25590
dummy 16 18148 25505
dummy 16 18151 25489
dummy 16 18150 25452
dummy 16 18147 25327
dummy 16 18147 25181
dummy 16 18149 25098
dummy 16 18154 24819
dummy 16 18153 24763
dummy 16 18155 24728
dummy 16 18151 24714
dummy 16 18157 24687
dummy 16 18150 24643
dummy 16 18158 24644
dummy 16 18148 24623
dummy 16 18158 24605
dummy 16 18146 24548
dummy 16 18157 24553
dummy 16 18157 24365
dummy 16 18158 24322
dummy 16 18161 25551
dummy 16 18167 25503
dummy 16 18160 25420
dummy 16 18162 25178
dummy 16 18165 25102
dummy 16 18170 25067
dummy 16 18168 24929
dummy 16 18173 24814
dummy 16 18163 24796
dummy 16 18163 24742
dummy 16 18173 24735
dummy 16 18173 24712
dummy 16 18166 24604
dummy 16 18174 24530
dummy 16 18172 24333
dummy 16 18181 25602
dummy 16 18185 25609
dummy 16 18185 25615
dummy 16 18181 25614
dummy 16 18186 25589
dummy 16 18178 25566
dummy 16 18189 25536
dummy 16 18183 25485
dummy 16 18181 25443
dummy 16 18176 25416
dummy 16 18188 25326
dummy 16 18189 25226
dummy 16 18187 25213
dummy 16 18178 25210
dummy 16 18184 25135
dummy 16 18177 25079
dummy 16 18183 24964
dummy 16 18184 24965
dummy 16 18178 24935
dummy 16 18190 24922
dummy 16 18182 24887
dummy 16 18190 24885
dummy 16 18177 24784
dummy 16 18183 24786
dummy 16 18180 24788
dummy 16 18181 24743
dummy 16 18189 24708
dummy 16 18187 24715
dummy 16 18177 24688
dummy 16 18180 24680
dummy 16 18178 24667
dummy 16 18190 24640
dummy 16 18183 24628
dummy 16 18181 24618
dummy 16 18178 24416
dummy 16 18180 24429
dummy 16 18185 24304
dummy 16 18203 25596
dummy 16 18206 25468
dummy 16 18200 25325
dummy 16 18203 25234
dummy 16 18199 24894
dummy 16 18201 24801
dummy 16 18204 24764
dummy 16 18195 24661
dummy 16 18200 24666
dummy 16 18199 24588
dummy 16 18195 24558
dummy 16 18194 24464
dummy 16 18195 24373
dummy 16 18206 24308
dummy 16 18213 25602
dummy 16 18217 25558
dummy 16 18214 25541
dummy 16 18216 25466
dummy 16 18210 25465
dummy 16 18217 25452
dummy 16 18208 25383
dummy 16 18216 25185
dummy 16 18208 24899
dummy 16 18215 24900
dummy 16 18216 24872
dummy 16 18208 24795
dummy 16 18214 24755
dummy 16 18209 24691
dummy 16 18220 24683
dummy 16 18210 24627
dummy 16 18222 24624
dummy 16 18219 24622
dummy 16 18215 24522
dummy 16 18216 24510
dummy 16 18216 24385
dummy 16 18235 25604
dummy 16 18236 25592
dummy 16 18226 25505
dummy 16 18234 25452
dummy 16 18239 25420
dummy 16 18228 25396
dummy 16 18225 25379
dummy 16 18237 25316
dummy 16 18236 25273
dummy 16 18238 25119
dummy 16 18225 25077
dummy 16 18228 24819
dummy 16 18228 24807
dummy 16 18224 24782
dummy 16 18227 24711
dummy 16 18236 24718
dummy 16 18237 24698
dummy 16 18238 24604
dummy 16 18236 24522
dummy 16 18233 24352
dummy 16 18240 25568
dummy 16 18247 25508
dummy 16 18253 25504
dummy 16 18244 25419
dummy 16 18250 25102
dummy 16 18241 24921
dummy 16 18243 24803
dummy 16 18253 24624
dummy 16 18242 24488
dummy 16 18242 24331
dummy 16 18258 25603
dummy 16 18270 25608
dummy 16 18260 25615
dummy 16 18257 25569
dummy 16 18259 25575
dummy 16 18256 25562
dummy 16 18265 25486
dummy 16 18259 25482
dummy 16 18264 25405
dummy 16 18263 25403
dummy 16 18256 25368
dummy 16 18258 25369
dummy 16 18257 25221
dummy 16 18257 25209
dummy 16 18265 25178
dummy 16 18270 25105
dummy 16 18256 25034
dummy 16 18261 24873
dummy 16 18265 24786
dummy 16 18269 24771
dummy 16 18267 24762
dummy 16 18264 24767
dummy 16 18264 24745
dummy 16 18257 24710
dummy 16 18267 24718
dummy 16 18260 24715
dummy 16 18257 24702
dummy 16 18264 24500
dummy 16 18276 25557
dummy 16 18276 25560
dummy 16 18284 25551
dummy 16 18274 25510
dummy 16 18275 25502
dummy 16 18281 25417
dummy 16 18284 25298
dummy 16 18286 25258
dummy 16 18276 25139
dummy 16 18281 25014
dummy 16 18274 24946
dummy 16 18274 24940
dummy 16 18276 24911
dummy 16 18280 24776
dummy 16 18286 24776
dummy 16 18277 24751
dummy 16 18274 24714
dummy 16 18274 24645
dummy 16 18274 24653
dummy 16 18283 24613
dummy 16 18274 24581
dummy 16 18277 24506
dummy 16 18276 24457
dummy 16 18293 25597
dummy 16 18291 25521
dummy 16 18290 25504
dummy 16 18303 25459
dummy 16 18296 25426
dummy 16 18294 25421
dummy 16 18297 25324
dummy 16 18291 25327
dummy 16 18301 25304
dummy 16 18298 25278
dummy 16 18297 25247
dummy 16 18291 25192
dummy 16 18294 25076
dummy 16 18289 24722
dummy 16 18288 24679
dummy 16 18303 24685
dummy 16 18288 24627
dummy 16 18289 24578
dummy 16 18300 24574
dummy 16 18297 24310
dummy 16 18319 25547
dummy 16 18312 25517
dummy 16 18312 25496
dummy 16 18308 25437
dummy 16 18305 25328
dummy 16 18309 25315
dummy 16 18312 25235
dummy 16 18318 25180
dummy 16 18311 25151
dummy 16 18306 25124
dummy 16 18319 25081
dummy 16 18306 24949
dummy 16 18309 24935
dummy 16 18305 24834
dummy 16 18309 24844
dummy 16 18315 24635
dummy 16 18310 24634
dummy 16 18313 24621
dummy 16 18306 24622
dummy 16 18308 24554
dummy 16 18312 24348
dummy 16 18325 25602
dummy 16 18329 25614
dummy 16 18326 25553
dummy 16 18329 25504
dummy 16 18321 25512
dummy 16 18330 25473
dummy 16 18332 25430
dummy 16 18320 25401
dummy 16 18324 25354
dummy 16 18327 25052
dummy 16 18334 24808
dummy 16 18334 24759
dummy 16 18333 24656
dummy 16 18328 24636
dummy 16 18320 24536
dummy 16 18323 24538
dummy 16 18331 24514
dummy 16 18324 24523
dummy 16 18333 24504
dummy 16 18328 24475
dummy 16 18326 24305
dummy 16 18338 25501
dummy 16 18343 25480
dummy 16 18344 25440
dummy 16 18351 25429
dummy 16 18346 25428
dummy 16 18351 25421
dummy 16 18338 25423
dummy 16 18337 25329
dummy 16 18336 25333
dummy 16 18344 24909
dummy 16 18348 24847
dummy 16 18351 24806
dummy 16 18339 24707
dummy 16 18343 24596
dummy 16 18347 24504
dummy 16 18344 24434
dummy 16 18336 24372
dummy 16 18358 25602
dummy 16 18354 25604
dummy 16 18358 25592
dummy 16 18355 25555
dummy 16 18361 25514
dummy 16 18356 25498
dummy 16 18352 25484
dummy 16 18354 25356
dummy 16 18364 25277
dummy 16 18357 25233
dummy 16 18355 25215
dummy 16 18363 25087
dummy 16 18356 25062
dummy 16 18363 24982
dummy 16 18356 24870
dummy 16 18363 24859
dummy 16 18355 24812
dummy 16 18359 24741
dummy 16 18353 24596
dummy 16 18358 24587
dummy 16 18364 24359
dummy 16 18368 25584
dummy 16 18381 25556
dummy 16 18379 25561
dummy 16 18376 25539
dummy 16 18373 25506
dummy 16 18370 25492
dummy 16 18383 25477
dummy 16 18368 25463
dummy 16 18374 25471
dummy 16 18370 25228
dummy 16 18383 25213
dummy 16 18382 25174
dummy 16 18368 25027
dummy 16 18383 24921
dummy 16 18374 24874
dummy 16 18376 24736
dummy 16 18377 24713
dummy 16 18372 24681
dummy 16 18374 24636
dummy 16 18373 24608
dummy 16 18379 24594
dummy 16 18376 24535
dummy 16 18399 25465
dummy 16 18391 25455
dummy 16 18389 25423
dummy 16 18396 25366
dummy 16 18385 25268
dummy 16 18392 25102
dummy 16 18389 24951
dummy 16 18393 24740
dummy 16 18394 24727
dummy 16 18385 24676
dummy 16 18384 24606
dummy 16 18397 24492
dummy 16 18415 25615
dummy 16 18401 25491
dummy 16 18406 25448
dummy 16 18404 25390
dummy 16 18400 25365
dummy 16 18411 25267
dummy 16 18412 25268
dummy 16 18410 25188
dummy 16 18404 25171
dummy 16 18408 25118
dummy 16 18405 25061
dummy 16 18401 24773
dummy 16 18410 24783
dummy 16 18414 24749
dummy 16 18415 24705
dummy 16 18408 24549
dummy 16 18408 24516
dummy 16 18401 24501
dummy 16 18422 25593
dummy 16 18417 25556
dummy 16 18421 25520
dummy 16 18423 25478
dummy 16 18427 25476
dummy 16 18430 25485
dummy 16 18427 25462
dummy 16 18420 25464
dummy 16 18422 25272
dummy 16 18426 25179
dummy 16 18428 25155
dummy 16 18427 25091
dummy 16 18425 24922
dummy 16 18418 24905
dummy 16 18416 24805
dummy 16 18417 24754
dummy 16 18420 24757
dummy 16 18420 24607
dummy 16 18431 24378
dummy 16 18442 25586
dummy 16 18440 25562
dummy 16 18437 25548
dummy 16 18438 25518
dummy 16 18440 25496
dummy 16 18438 25478
dummy 16 18432 25485
dummy 16 18443 25448
dummy 16 18440 25453
dummy 16 18445 25350
dummy 16 18437 25152
dummy 16 18434 25035
dummy 16 18435 24829
dummy 16 18445 24616
dummy 16 18445 24564
dummy 16 18440 24531
dummy 16 18442 24368
dummy 16 18461 25578
dummy 16 18457 25505
dummy 16 18462 25466
dummy 16 18459 25413
dummy 16 18460 25395
dummy 16 18448 25384
dummy 16 18450 25161
dummy 16 18455 25082
dummy 16 18462 24968
dummy 16 18454 24785
dummy 16 18455 24795
dummy 16 18458 24760
dummy 16 18456 24544
dummy 16 18449 24559
dummy 16 18452 24312
dummy 16 18475 25590
dummy 16 18465 25595
dummy 16 18471 25571
dummy 16 18476 25533
dummy 16 18472 25459
dummy 16 18468 25464
dummy 16 18466 25451
dummy 16 18464 25398
dummy 16 18473 25395
dummy 16 18475 25320
dummy 16 18478 25322
dummy 16 18464 25232
dummy 16 18467 25235
dummy 16 18479 25123
dummy 16 18473 25128
dummy 16 18476 25109
dummy 16 18464 25076
dummy 16 18474 24822
dummy 16 18465 24826
dummy 16 18468 24776
dummy 16 18476 24718
dummy 16 18469 24645
dummy 16 18808 25397
dummy 16 18813 25320
dummy 16 18800 25310
dummy 16 18812 25214
dummy 16 18805 25191
dummy 16 18810 25148
dummy 16 18812 25114
dummy 16 18803 25053
dummy 16 18811 25024
dummy 16 18810 25030
dummy 16 18801 25004
dummy 16 18806 24986
dummy 16 18810 24975
dummy 16 18812 24905
dummy 16 18813 24909
dummy 16 18812 24894
dummy 16 18803 24866
dummy 16 18807 24869
dummy 16 18802 24874
dummy 16 18809 24842
dummy 16 18813 24733
dummy 16 18801 24549
dummy 16 18803 24504
dummy 16 18804 24464
dummy 16 18810 24392
dummy 16 18824 25574
dummy 16 18816 25363
dummy 16 18819 25155
dummy 16 18817 25132
dummy 16 18822 25108
dummy 16 18829 25115
dummy 16 18817 25003
dummy 16 18819 24982
dummy 16 18829 24960
dummy 16 18827 24931
dummy 16 18828 24933
dummy 16 18816 24827
dummy 16 18822 24752
dummy 16 18825 24739
dummy 16 18830 24669
dummy 16 18822 24669
dummy 16 18823 24593
dummy 16 18829 24605
dummy 16 18827 24590
dummy 16 18819 24551
dummy 16 18829 24528
dummy 16 18826 24519
dummy 16 18816 24498
dummy 16 18829 24506
dummy 16 18831 24438
dummy 16 18826 24360
dummy 16 18843 25545
dummy 16 18836 25440
dummy 16 18842 25426
dummy 16 18843 25429
dummy 16 18840 25319
dummy 16 18841 25294
dummy 16 18834 25152
dummy 16 18836 25133
dummy 16 18833 25083
dummy 16 18833 25040
dummy 16 18832 24979
dummy 16 18834 24965
dummy 16 18837 24968
dummy 16 18844 24955
dummy 16 18836 24942
dummy 16 18847 24911
dummy 16 18847 24876
dummy 16 18844 24850
dummy 16 18847 24853
dummy 16 18840 24858
dummy 16 18846 24858
dummy 16 18836 24832
dummy 16 18837 24821
dummy 16 18841 24816
dummy 16 18839 24752
dummy 16 18839 24758
dummy 16 18835 24766
dummy 16 18846 24750
dummy 16 18838 24749
dummy 16 18841 24650
dummy 16 18837 24639
dummy 16 18840 24622
dummy 16 18840 24527
dummy 16 18836 24509
dummy 16 18854 25601
dummy 16 18859 25561
dummy 16 18860 25539
dummy 16 18853 25416
dummy 16 18851 25178
dummy 16 18854 25041
dummy 16 18850 24922
dummy 16 18851 24902
dummy 16 18858 24894
dummy 16 18852 24889
dummy 16 18861 24875
dummy 16 18856 24833
dummy 16 18848 24791
dummy 16 18860 24783
dummy 16 18854 24721
dummy 16 18854 24614
dummy 16 18851 24623
dummy 16 18863 24545
dummy 16 18851 24368
dummy 16 18859 24375
dummy 16 18848 24334
dummy 16 18872 25570
dummy 16 18873 25519
dummy 16 18864 25411
dummy 16 18867 25349
dummy 16 18877 25171
dummy 16 18869 25073
dummy 16 18866 24946
dummy 16 18869 24900
dummy 16 18874 24906
dummy 16 18873 24838
dummy 16 18879 24801
dummy 16 18877 24804
dummy 16 18878 24773
dummy 16 18875 24760
dummy 16 18878 24763
dummy 16 18866 24762
dummy 16 18874 24532
dummy 16 18876 24398
dummy 16 18876 24376
dummy 16 18882 25591
dummy 16 18885 25141
dummy 16 18887 25144
dummy 16 18886 25007
dummy 16 18889 24957
dummy 16 18880 24955
dummy 16 18890 24897
dummy 16 18890 24666
dummy 16 18880 24649
dummy 16 18887 24616
dummy 16 18889 24563
dummy 16 18893 24539
dummy 16 18882 24538
dummy 16 18887 24509
dummy 16 18884 24510
dummy 16 18884 24439
dummy 16 18909 25577
dummy 16 18906 25543
dummy 16 18899 25182
dummy 16 18911 25101
dummy 16 18910 25046
dummy 16 18905 25014
dummy 16 18897 24982
dummy 16 18907 24991
dummy 16 18911 24961
dummy 16 18899 24875
dummy 16 18897 24854
dummy 16 18906 24756
dummy 16 18911 24711
dummy 16 18908 24699
dummy 16 18898 24662
dummy 16 18907 24537
dummy 16 18903 24461
dummy 16 18902 24394
dummy 16 18896 24357
dummy 16 18902 24318
dummy 16 18913 25552
dummy 16 18927 25542
dummy 16 18917 25547
dummy 16 18920 25190
dummy 16 18925 25197
dummy 16 18915 25126
dummy 16 18926 25113
dummy 16 18915 25023
dummy 16 18925 24974
dummy 16 18912 24936
dummy 16 18919 24882
dummy 16 18921 24850
dummy 16 18918 24736
dummy 16 18916 24749
dummy 16 18925 24726
dummy 16 18927 24709
dummy 16 18916 24679
dummy 16 18920 24629
dummy 16 18914 24610
dummy 16 18924 24569
dummy 16 18915 24498
dummy 16 18925 24504
dummy 16 18915 24504
dummy 16 18921 24487
dummy 16 18919 24490
dummy 16 18921 24403
dummy 16 18931 25591
dummy 16 18937 25571
dummy 16 18937 25579
dummy 16 18940 25561
dummy 16 18938 25428
dummy 16 18936 25437
dummy 16 18941 25395
dummy 16 18930 25095
dummy 16 18943 25099
dummy 16 18938 24717
dummy 16 18929 24667
dummy 16 18928 24670
dummy 16 18932 24647
dummy 16 18936 24634
dummy 16 18940 24522
dummy 16 18941 24499
dummy 16 18929 24507
dummy 16 18942 24483
dummy 16 18942 24493
dummy 16 18930 24425
dummy 16 18952 25410
dummy 16 18947 25383
dummy 16 18953 25081
dummy 16 18945 24985
dummy 16 18954 24901
dummy 16 18949 24863
dummy 16 18953 24772
dummy 16 18958 24696
dummy 16 18955 24659
dummy 16 18948 24500
dummy 16 18952 24491
dummy 16 18949 24437
dummy 16 18956 24382
dummy 16 18968 25385
dummy 16 18966 25349
dummy 16 18975 25268
dummy 16 18967 25207
dummy 16 18968 25071
dummy 16 18970 25029
dummy 16 18974 25019
dummy 16 18973 24990
dummy 16 18963 24962
dummy 16 18968 24914
dummy 16 18966 24921
dummy 16 18967 24927
dummy 16 18964 24900
dummy 16 18963 24860
dummy 16 18967 24812
dummy 16 18960 24746
dummy 16 18975 24586
dummy 16 18965 24508
dummy 16 18975 24492
dummy 16 18981 25380
dummy 16 18990 25335
dummy 16 18988 25236
dummy 16 18988 25211
dummy 16 18984 24961
dummy 16 18979 24970
dummy 16 18991 24914
dummy 16 18983 24805
dummy 16 18978 24811
dummy 16 18985 24794
dummy 16 18981 24701
dummy 16 18984 24656
dummy 16 18976 24598
dummy 16 18980 24565
dummy 16 18979 24338
dummy 16 18999 25201
dummy 16 19004 25210
dummy 16 19002 25185
dummy 16 18998 25137
dummy 16 18996 25114
dummy 16 18995 25090
dummy 16 18997 25080
dummy 16 19004 25056
dummy 16 19004 24981
dummy 16 19003 24906
dummy 16 19002 24881
dummy 16 19002 24830
dummy 16 19001 24786
dummy 16 19000 24743
dummy 16 19001 24750
dummy 16 18992 24716
dummy 16 18999 24663
dummy 16 19003 24498
dummy 16 18995 24436
dummy 16 19003 24444
dummy 16 19011 25174
dummy 16 19017 25180
dummy 16 19022 25128
dummy 16 19011 24889
dummy 16 19018 24856
dummy 16 19012 24832
dummy 16 19011 24813
dummy 16 19008 24769
dummy 16 19011 24715
dummy 16 19009 24684
dummy 16 19013 24661
dummy 16 19012 24610
dummy 16 19023 24590
dummy 16 19008 24317
dummy 16 19039 25244
dummy 16 19031 25186
dummy 16 19033 25130
dummy 16 19026 25074
dummy 16 19028 25080
dummy 16 19033 25037
dummy 16 19033 25012
dummy 16 19030 24976
dummy 16 19033 24974
dummy 16 19036 24878
dummy 16 19035 24839
dummy 16 19029 24803
dummy 16 19030 24791
dummy 16 19024 24736
dummy 16 19033 24705
dummy 16 19031 24677
dummy 16 19033 24627
dummy 16 19033 24639
dummy 16 19025 24498
dummy 16 19031 24478
dummy 16 19024 24432
dummy 16 19031 24332
dummy 16 19053 24883
dummy 16 19049 24858
dummy 16 19049 24835
dummy 16 19055 24839
dummy 16 19047 24842
dummy 16 19052 24819
dummy 16 19048 24826
dummy 16 19042 24824
dummy 16 19055 24789
dummy 16 19051 24745
dummy 16 19055 24731
dummy 16 19055 24704
dummy 16 19054 24709
dummy 16 19042 24686
dummy 16 19048 24651
dummy 16 19045 24630
dummy 16 19044 24623
dummy 16 19044 24564
dummy 16 19044 24554
dummy 16 19053 24505
dummy 16 19065 24944
dummy 16 19067 24948
dummy 16 19060 24942
dummy 16 19066 24897
dummy 16 19066 24901
dummy 16 19070 24859
dummy 16 19062 24807
dummy 16 19059 24772
dummy 16 19063 24747
dummy 16 19064 24731
dummy 16 19065 24697
dummy 16 19057 24624
dummy 16 19068 24639
dummy 16 19061 24585
dummy 16 19062 24497
dummy 16 19071 24501
dummy 16 19061 24469
dummy 16 19064 24344
dummy 16 19076 25206
dummy 16 19086 25192
dummy 16 19073 25199
dummy 16 19078 25101
dummy 16 19079 24878
dummy 16 19075 24863
dummy 16 19077 24788
dummy 16 19072 24799
dummy 16 19074 24766
dummy 16 19072 24767
dummy 16 19077 24713
dummy 16 19074 24678
dummy 16 19081 24471
dummy 16 19087 24449
dummy 16 19097 24877
dummy 16 19089 24820
dummy 16 19090 24747
dummy 16 19093 24731
dummy 16 19097 24674
dummy 16 19098 24643
dummy 16 19102 24482
dummy 16 19101 24378
dummy 16 19117 24930
dummy 16 19110 24869
dummy 16 19116 24866
dummy 16 19111 24878
dummy 16 19119 24853
dummy 16 19117 24827
dummy 16 19104 24828
dummy 16 19108 24785
dummy 16 19118 24773
dummy 16 19111 24723
dummy 16 19106 24730
dummy 16 19113 24610
dummy 16 19104 24593
dummy 16 19104 24602
dummy 16 19104 24529
dummy 16 19104 24490
dummy 16 19104 24444
dummy 16 19108 24377
dummy 16 19110 24352
dummy 16 19115 24338
dummy 16 19125 24969
dummy 16 19134 24933
dummy 16 19121 24890
dummy 16 19121 24844
dummy 16 19133 24812
dummy 16 19121 24786
dummy 16 19120 24798
dummy 16 19129 24763
dummy 16 19134 24738
dummy 16 19128 24694
dummy 16 19124 24654
dummy 16 19125 24629
dummy 16 19125 24569
dummy 16 19127 24471
dummy 16 19134 24375
dummy 16 19151 25045
dummy 16 19141 25036
dummy 16 19149 25017
dummy 16 19148 24924
dummy 16 19137 24840
dummy 16 19142 24792
dummy 16 19149 24768
dummy 16 19139 24723
dummy 16 19151 24727
dummy 16 19138 24728
dummy 16 19151 24700
dummy 16 19146 24655
dummy 16 19147 24503
dummy 16 19138 24486
dummy 16 19151 24432
dummy 16 19138 24411
dummy 16 19136 24413
dummy 16 19147 24332
dummy 16 19165 24952
dummy 16 19166 24811
dummy 16 19162 24813
dummy 16 19157 24815
dummy 16 19166 24778
dummy 16 19152 24778
dummy 16 19153 24779
dummy 16 19162 24692
dummy 16 19165 24654
dummy 16 19159 24602
dummy 16 19166 24541
dummy 16 19168 24959
dummy 16 19178 24887
dummy 16 19172 24841
dummy 16 19175 24843
dummy 16 19179 24720
dummy 16 19181 24704
dummy 16 19183 24681
dummy 16 19171 24660
dummy 16 19175 24608
dummy 16 19181 24616
dummy 16 19170 24600
dummy 16 19169 24560
dummy 16 19176 24528
dummy 16 19173 24501
dummy 16 19178 24505
dummy 16 19179 24490
dummy 16 19183 24490
dummy 16 19175 24451
dummy 16 19178 24365
dummy 16 19178 24325
dummy 16 19186 24972
dummy 16 19199 24950
dummy 16 19186 24956
dummy 16 19189 24902
dummy 16 19194 24828
dummy 16 19188 24784
dummy 16 19187 24777
dummy 16 19199 24739
dummy 16 19195 24696
dummy 16 19184 24664
dummy 16 19198 24625
dummy 16 19184 24579
dummy 16 19194 24552
dummy 16 19192 24469
dummy 16 19198 24340
dummy 16 19199 24326
dummy 16 19208 24929
dummy 16 19208 24934
dummy 16 19212 24906
dummy 16 19210 24778
dummy 16 19211 24740
dummy 16 19212 24700
dummy 16 19207 24676
dummy 16 19205 24660
dummy 16 19212 24657
dummy 16 19204 24635
dummy 16 19200 24637
dummy 16 19214 24600
dummy 16 19204 24568
dummy 16 19202 24550
dummy 16 19210 24549
dummy 16 19202 24500
dummy 16 19214 24308
dummy 16 19218 24762
dummy 16 19218 24656
dummy 16 19217 24663
dummy 16 19229 24662
dummy 16 19226 24646
dummy 16 19223 24592
dummy 16 19230 24602
dummy 16 19216 24314
dummy 16 19241 24735
dummy 16 19235 24714
dummy 16 19244 24689
dummy 16 19235 24647
dummy 16 19245 24629
dummy 16 19236 24621
dummy 16 19232 24502
dummy 16 19245 24389
dummy 16 19240 24362
dummy 16 19259 24901
dummy 16 19248 24886
dummy 16 19258 24836
dummy 16 19260 24797
dummy 16 19261 24737
dummy 16 19260 24740
dummy 16 19259 24718
dummy 16 19258 24649
dummy 16 19260 24623
dummy 16 19250 24619
dummy 16 19253 24606
dummy 16 19261 24583
dummy 16 19251 24540
dummy 16 19250 24541
dummy 16 19259 24464
dummy 16 19250 24434
dummy 16 19255 24443
dummy 16 19252 24377
dummy 16 19248 24367
dummy 16 19267 24804
dummy 16 19274 24772
dummy 16 19279 24754
dummy 16 19268 24731
dummy 16 19265 24666
dummy 16 19272 24624
dummy 16 19271 24501
dummy 16 19266 24488
dummy 16 19266 24461
dummy 16 19269 24422
dummy 16 19264 24412
dummy 16 19265 24355
dummy 16 19287 24771
dummy 16 19290 24783
dummy 16 19287 24742
dummy 16 19280 24734
dummy 16 19280 24712
dummy 16 19282 24657
dummy 16 19295 24657
dummy 16 19293 24617
dummy 16 19284 24585
dummy 16 19294 24549
dummy 16 19288 24554
dummy 16 19282 24518
dummy 16 19282 24496
dummy 16 19287 24399
dummy 16 19294 24378
dummy 16 19282 24354
dummy 16 19298 24731
dummy 16 19300 24661
dummy 16 19297 24663
dummy 16 19310 24668
dummy 16 19310 24614
dummy 16 19298 24598
dummy 16 19299 24515
dummy 16 19298 24433
dummy 16 19314 24613
dummy 16 19318 24444
dummy 16 19317 24423
dummy 16 19325 24350
dummy 16 19313 24348
dummy 16 19334 24653
dummy 16 19335 24598
dummy 16 19331 24587
dummy 16 19343 24573
dummy 16 19334 24532
dummy 16 19335 24498
dummy 16 19338 24498
dummy 16 19341 24478
dummy 16 19329 24441
dummy 16 19341 24337
dummy 16 19331 24324
dummy 16 19358 24615
dummy 16 19347 24575
dummy 16 19354 24547
dummy 16 19355 24538
dummy 16 19345 24521
dummy 16 19352 24502
dummy 16 19350 24474
dummy 16 19345 24451
dummy 16 19348 24369
dummy 16 19355 24337
dummy 16 19369 24621
dummy 16 19369 24553
dummy 16 19361 24538
dummy 16 19375 24472
dummy 16 19373 24387
dummy 16 19361 24318
dummy 16 19386 24644
dummy 16 19378 24491
dummy 16 19385 24406
dummy 16 19389 24379
dummy 16 19398 24596
dummy 16 19400 24601
dummy 16 19407 24451
dummy 16 19409 24630
dummy 16 19408 24536
dummy 16 19413 24518
dummy 16 19422 24512
dummy 16 19419 24505
dummy 16 19418 24437
dummy 16 19414 24441
dummy 16 19414 24388
dummy 16 19411 24333
dummy 16 19421 24310
dummy 16 19439 24509
dummy 16 19428 24491
dummy 16 19435 24454
dummy 16 19435 24370
dummy 16 19426 24325
dummy 16 19442 24638
dummy 16 19444 24595
dummy 16 19455 24593
dummy 16 19443 24505
dummy 16 19449 24484
dummy 16 19452 24388
dummy 16 19440 24348
dummy 16 19462 24631
dummy 16 19462 24598
dummy 16 19464 24607
dummy 16 19457 24516
dummy 16 19456 24522
dummy 16 19456 24503
dummy 16 19470 24490
dummy 16 19467 24492
dummy 16 19465 24446
dummy 16 19468 24378
dummy 16 19481 24613
dummy 16 19474 24595
dummy 16 19482 24579
dummy 16 19480 24484
dummy 16 19483 24449
dummy 16 19480 24397
dummy 16 19476 24356
dummy 16 19474 24337
dummy 16 19498 24583
dummy 16 19491 24496
dummy 16 19501 24504
dummy 16 19496 24492
dummy 16 19503 24438
dummy 16 19498 24402
dummy 16 19488 24395
dummy 16 19488 24381
dummy 16 19514 24612
dummy 16 19515 24456
dummy 16 19518 24373
dummy 16 19525 24597
dummy 16 19530 24500
dummy 16 19526 24461
dummy 16 19525 24375
dummy 16 19530 24353
dummy 16 19524 24344
dummy 16 19520 24350
dummy 16 19532 24322
dummy 16 19537 24504
dummy 16 19536 24456
dummy 16 19546 24384
dummy 16 19547 24376
dummy 16 19551 24351
dummy 16 19538 24349
dummy 16 19540 24307
dummy 16 19564 24570
dummy 16 19567 24574
dummy 16 19560 24383
dummy 16 19560 24308
dummy 16 19574 24597
dummy 16 19581 24592
dummy 16 19573 24457
dummy 16 19578 24419
dummy 16 19591 24596
dummy 16 19588 24599
dummy 16 19584 24552
dummy 16 19595 24496
dummy 16 19597 24496
dummy 16 19591 24504
dummy 16 19597 24435
dummy 16 19588 24341
dummy 16 19598 24338
dummy 16 19590 24317
dummy 16 19611 24577
dummy 16 19605 24535
dummy 16 19600 24493
dummy 16 19615 24437
dummy 16 19615 24358
dummy 16 19620 24567
dummy 16 19629 24346
dummy 16 19644 24555
dummy 16 19646 24474
dummy 16 19633 24347
dummy 16 19636 24348
dummy 16 19634 24322
dummy 16 19658 24568
dummy 16 19652 24419
dummy 16 19663 24429
dummy 16 19655 24322
dummy 16 19669 24422
dummy 16 19664 24409
dummy 16 19670 24322
dummy 16 19686 24395
dummy 16 19681 24372
